season|game_id
2020|1815364
2020|1797124
2020|1797125
2020|1797126
2020|1797127
2020|1797128
2020|1797132
2020|1797130
2020|1797135
2020|1797137
2020|1797201
2020|1797196
2020|1797205
2020|1797207
2020|1797210
2020|1797213
2020|1797214
2020|1797216
2020|1797219
2020|1797220
2020|1797222
2020|1797224
2020|1797204
2020|1797194
2020|1797190
2020|1797189
2020|1797186
2020|1797182
2020|1797179
2020|1797178
2020|1797177
2020|1797116
2020|1797117
2020|1797122
2020|1797139
2020|1797140
2020|1797141
2020|1797145
2020|1797146
2020|1797148
2020|1797149
2020|1797150
2020|1797152
2020|1797153
2020|1797156
2020|1797157
2020|1797160
2020|1797162
2020|1797165
2020|1797167
2020|1797169
2020|1797170
2020|1797171
2020|1797172
2020|1797173
2020|1797174
2020|1797136
2020|1797134
2020|1797234
2020|1797235
2020|1797226
2020|1797232
2020|1797231
2020|1797228
2020|1797239
2020|1797199
2020|1797202
2020|1797203
2020|1797208
2020|1797215
2020|1797221
2020|1815013
2020|1813843
2020|1797242
2020|1797243
2020|1797246
2020|1797247
2020|1797249
2020|1797111
2020|1797129
2020|1797109
2020|1797114
2020|1797115
2020|1797118
2020|1797138
2020|1797144
2020|1797147
2020|1797151
2020|1797154
2020|1797155
2020|1797159
2020|1797161
2020|1797163
2020|1797164
2020|1797166
2020|1797168
2020|1797175
2020|1797176
2020|1797180
2020|1797181
2020|1797184
2020|1797187
2020|1797188
2020|1797192
2020|1797193
2020|1797198
2020|1797225
2020|1797229
2020|1797253
2020|1797233
2020|1797236
2020|1797252
2020|1797121
2020|1797230
2020|1797131
2020|1797110
2020|1797142
2020|1797143
2020|1797158
2020|1797185
2020|1797200
2020|1797209
2020|1797218
2020|1797112
2020|1797240
2020|1797245
2020|1797250
2020|1797251
2020|1797133
2020|1797254
2020|1797255
2020|1797191
2020|1797195
2020|1797206
2020|1797211
2020|1797212
2020|1797217
2020|1797223
2020|1797183
2020|1797123
2020|1797120
2020|1797119
2020|1797248
2020|1797113
2020|1797227
2020|1797237
2020|1797238
2020|1797241
2020|1797244
2020|1797262
2020|1797265
2020|1797264
2020|1797276
2020|1797288
2020|1797287
2020|1797286
2020|1797283
2020|1797282
2020|1797281
2020|1797280
2020|1797274
2020|1797273
2020|1797271
2020|1797267
2020|1797259
2020|1797263
2020|1797289
2020|1797266
2020|1797279
2020|1797277
2020|1797275
2020|1797291
2020|1797285
2020|1797261
2020|1797256
2020|1797257
2020|1797258
2020|1797260
2020|1797268
2020|1797270
2020|1797269
2020|1797290
2020|1797293
2020|1797284
2020|1797294
2020|1797272
2020|1797278
2020|1797292
2020|1797298
2020|1797299
2020|1797315
2020|1797310
2020|1797309
2020|1797308
2020|1797307
2020|1797304
2020|1797297
2020|1797295
2020|1797301
2020|1797303
2020|1797306
2020|1797317
2020|1797313
2020|1797314
2020|1797311
2020|1797296
2020|1797300
2020|1797312
2020|1797305
2020|1797318
2020|1797321
2020|1797377
2020|1797370
2020|1797405
2020|1797408
2020|1797409
2020|1797418
2020|1797398
2020|1797403
2020|1797426
2020|1797427
2020|1797428
2020|1797430
2020|1797431
2020|1797434
2020|1797436
2020|1797437
2020|1797446
2020|1797453
2020|1797456
2020|1797460
2020|1797468
2020|1797474
2020|1797475
2020|1797476
2020|1797479
2020|1797480
2020|1797482
2020|1797485
2020|1797486
2020|1797489
2020|1797490
2020|1797496
2020|1797500
2020|1797501
2020|1797323
2020|1797532
2020|1797525
2020|1797438
2020|1797439
2020|1797538
2020|1797433
2020|1797464
2020|1797495
2020|1797484
2020|1797477
2020|1797481
2020|1797557
2020|1797533
2020|1797319
2020|1797497
2020|1797493
2020|1797424
2020|1797548
2020|1797536
2020|1797558
2020|1797417
2020|1797499
2020|1797543
2020|1797483
2020|1797503
2020|1797559
2020|1797546
2020|1797435
2020|1797593
2020|1797594
2020|1797597
2020|1797598
2020|1797599
2020|1797604
2020|1797610
2020|1797623
2020|1797622
2020|1797614
2020|1797635
2020|1797642
2020|1797644
2020|1797576
2020|1797639
2020|1797659
2020|1797577
2020|1797633
2020|1797667
2020|1797609
2020|1797683
2020|1797670
2020|1797636
2020|1797637
2020|1797702
2020|1797626
2020|1797562
2020|1797649
2020|1797561
2020|1797679
2020|1797685
2020|1797569
2020|1797709
2020|1797719
2020|1797721
2020|1797722
2020|1797736
2020|1797739
2020|1797703
2020|1797632
2020|1797734
2020|1797735
2020|1797650
2020|1797575
2020|1797715
2020|1797701
2020|1797795
2020|1797827
2020|1797808
2020|1797805
2020|1797802
2020|1797797
2020|1797782
2020|1797780
2020|1797779
2020|1797570
2020|1797817
2020|1797745
2020|1797820
2020|1797823
2020|1797571
2020|1797585
2020|1797563
2020|1797816
2020|1797826
2020|1797811
2020|1797813
2020|1797815
2020|1797821
2020|1797861
2020|1797572
2020|1797818
2020|1797798
2020|1797824
2020|1797847
2020|1797854
2020|1797872
2020|1797864
2020|1797875
2020|1797877
2020|1797863
2020|1797880
2020|1797883
2020|1797893
2020|1797862
2020|1797906
2020|1797909
2020|1797907
2020|1797905
2020|1797903
2020|1797902
2020|1797900
2020|1797896
2020|1797920
2020|1797904
2020|1797901
2020|1797926
2020|1797934
2020|1797935
2020|1797911
2020|1797931
2020|1797912
2020|1797939
2020|1797895
2020|1797942
2020|1797950
2020|1797943
2020|1797952
2020|1797951
2020|1797954
2020|1797948
2020|1797959
2020|1797955
2020|1797960
2020|1797962
2020|1797964
2020|1797971
2020|1797990
2020|1797987
2020|1797986
2020|1797984
2020|1797983
2020|1797977
2020|1797972
2020|1797970
2020|1797961
2020|1797956
2020|1797965
2020|1797966
2020|1797994
2020|1797976
2020|1797967
2020|1797991
2020|1797957
2020|1797978
2020|1797958
2020|1797992
2020|1797998
2020|1797973
2020|1798017
2020|1798026
2020|1798019
2020|1798042
2020|1798038
2020|1798037
2020|1798035
2020|1798033
2020|1798032
2020|1798031
2020|1798006
2020|1798005
2020|1798001
2020|1798147
2020|1798145
2020|1798140
2020|1798134
2020|1798132
2020|1798128
2020|1798124
2020|1798121
2020|1798120
2020|1798116
2020|1798114
2020|1798113
2020|1798106
2020|1798104
2020|1798049
2020|1798057
2020|1798059
2020|1798063
2020|1798076
2020|1798094
2020|1798103
2020|1798025
2020|1798004
2020|1798150
2020|1798028
2020|1798091
2020|1798090
2020|1798084
2020|1798119
2020|1798074
2020|1798066
2020|1798118
2020|1798060
2020|1798002
2020|1798050
2020|1798048
2020|1798046
2020|1798045
2020|1798097
2020|1798146
2020|1798029
2020|1798000
2020|1798105
2020|1798183
2020|1798163
2020|1798170
2020|1797999
2020|1798013
2020|1798020
2020|1798077
2020|1798110
2020|1798126
2020|1798138
2020|1798182
2020|1798184
2020|1798185
2020|1798107
2020|1798109
2020|1798111
2020|1798115
2020|1798123
2020|1813322
2020|1798034
2020|1798179
2020|1798186
2020|1798196
2020|1798198
2020|1798206
2020|1798202
2020|1798254
2020|1798287
2020|1798280
2020|1798278
2020|1798277
2020|1798269
2020|1798267
2020|1798266
2020|1798265
2020|1798262
2020|1798261
2020|1798259
2020|1798255
2020|1798247
2020|1798229
2020|1798228
2020|1798226
2020|1798224
2020|1798223
2020|1798220
2020|1798216
2020|1798213
2020|1798188
2020|1798211
2020|1798210
2020|1798194
2020|1798258
2020|1798270
2020|1798263
2020|1798317
2020|1798232
2020|1798316
2020|1798192
2020|1798289
2020|1798189
2020|1798195
2020|1798190
2020|1798313
2020|1798218
2020|1798286
2020|1798187
2020|1798312
2020|1798318
2020|1798275
2020|1798193
2020|1798322
2020|1798330
2020|1798327
2020|1798326
2020|1798358
2020|1798367
2020|1798338
2020|1798351
2020|1798349
2020|1798319
2020|1798320
2020|1798334
2020|1798335
2020|1798332
2020|1798325
2020|1798383
2020|1798384
2020|1798373
2020|1798370
2020|1798357
2020|1798341
2020|1798371
2020|1798382
2020|1798348
2020|1798390
2020|1798401
2020|1798396
2020|1798406
2020|1798657
2020|1798394
2020|1798408
2020|1798413
2020|1798449
2020|1798442
2020|1798439
2020|1798510
2020|1798534
2020|1798533
2020|1798532
2020|1798920
2020|1798519
2020|1798517
2020|1798514
2020|1798512
2020|1798500
2020|1798495
2020|1798489
2020|1798488
2020|1798482
2020|1798481
2020|1798480
2020|1798478
2020|1798391
2020|1798389
2020|1798385
2020|1798550
2020|1798387
2020|1798516
2020|1798474
2020|1798450
2020|1798529
2020|1798535
2020|1798498
2020|1798501
2020|1798513
2020|1798521
2020|1798542
2020|1798540
2020|1798594
2020|1798583
2020|1798518
2020|1798530
2020|1798527
2020|1798388
2020|1798386
2020|1798568
2020|1798600
2020|1798515
2020|1798522
2020|1798537
2020|1798586
2020|1798486
2020|1820994
2020|1798603
2020|1798708
2020|1798702
2020|1798703
2020|1798705
2020|1798629
2020|1798707
2020|1798706
2020|1798729
2020|1813682
2020|1798736
2020|1798715
2020|1798714
2020|1798740
2020|1798741
2020|1798726
2020|1798727
2020|1798745
2020|1798718
2020|1798723
2020|1798743
2020|1798620
2020|1798626
2020|1798762
2020|1798763
2020|1798764
2020|1798765
2020|1798767
2020|1798781
2020|1798746
2020|1798713
2020|1798747
2020|1798393
2020|1798623
2020|1798806
2020|1798827
2020|1798828
2020|1798830
2020|1798845
2020|1798848
2020|1798849
2020|1798885
2020|1798879
2020|1798752
2020|1798616
2020|1798875
2020|1798908
2020|1798868
2020|1798850
2020|1798876
2020|1798911
2020|1798894
2020|1798925
2020|1798961
2020|1798952
2020|1798947
2020|1798945
2020|1798940
2020|1798921
2020|1798918
2020|1798608
2020|1798604
2020|1798477
2020|1798916
2020|1798976
2020|1798605
2020|1798896
2020|1798942
2020|1798978
2020|1798924
2020|1798934
2020|1798972
2020|1798966
2020|1798984
2020|1798946
2020|1798983
2020|1798933
2020|1798957
2020|1798950
2020|1798979
2020|1799003
2020|1799013
2020|1799016
2020|1799026
2020|1799012
2020|1799018
2020|1799011
2020|1799046
2020|1799041
2020|1799040
2020|1799025
2020|1799028
2020|1799029
2020|1799030
2020|1799060
2020|1799055
2020|1799039
2020|1799042
2020|1799064
2020|1799021
2020|1799061
2020|1799069
2020|1798987
2020|1799065
2020|1799078
2020|1813879
2020|1799080
2020|1799076
2020|1798992
2020|1799082
2020|1799062
2020|1799067
2020|1799083
2020|1799079
2020|1798991
2020|1799102
2020|1799091
2020|1799093
2020|1799087
2020|1799090
2020|1799138
2020|1799133
2020|1799132
2020|1799131
2020|1799129
2020|1799126
2020|1799120
2020|1799112
2020|1799111
2020|1799109
2020|1799108
2020|1799107
2020|1799106
2020|1799105
2020|1799085
2020|1799100
2020|1799101
2020|1799096
2020|1799150
2020|1799118
2020|1799125
2020|1813277
2020|1799147
2020|1799127
2020|1799084
2020|1799134
2020|1799135
2020|1799148
2020|1799155
2020|1799153
2020|1799141
2020|1799139
2020|1799140
2020|1799146
2020|1799137
2020|1799154
2020|1799184
2020|1799191
2020|1799180
2020|1799285
2020|1799264
2020|1799261
2020|1799259
2020|1799257
2020|1799256
2020|1799254
2020|1799251
2020|1799250
2020|1799243
2020|1799228
2020|1799224
2020|1799212
2020|1799210
2020|1799209
2020|1799203
2020|1799200
2020|1799198
2020|1799195
2020|1799185
2020|1799170
2020|1799167
2020|1799157
2020|1799156
2020|1799188
2020|1799183
2020|1799194
2020|1799193
2020|1799163
2020|1799189
2020|1799192
2020|1799252
2020|1799230
2020|1799263
2020|1799242
2020|1799239
2020|1799211
2020|1799258
2020|1799205
2020|1799267
2020|1799214
2020|1799286
2020|1799165
2020|1799164
2020|1799162
2020|1799161
2020|1799320
2020|1799201
2020|1799266
2020|1799283
2020|1799223
2020|1799182
2020|1799158
2020|1799253
2020|1799166
2020|1816883
2020|1799284
2020|1799314
2020|1799330
2020|1799332
2020|1799346
2020|1799396
2020|1799394
2020|1799321
2020|1799322
2020|1799325
2020|1799418
2020|1799414
2020|1799344
2020|1799415
2020|1799421
2020|1799327
2020|1799328
2020|1799434
2020|1799351
2020|1799353
2020|1799427
2020|1799423
2020|1799360
2020|1799361
2020|1799363
2020|1799345
2020|1799348
2020|1799417
2020|1799388
2020|1799367
2020|1799366
2020|1799329
2020|1799326
2020|1799342
2020|1799364
2020|1799442
2020|1799441
2020|1799464
2020|1799476
2020|1799336
2020|1799474
2020|1799355
2020|1799398
2020|1799323
2020|1799356
2020|1799443
2020|1799475
2020|1799471
2020|1799483
2020|1799484
2020|1799481
2020|1799482
2020|1799485
2020|1799480
2020|1799486
2020|1799487
2020|1799490
2020|1799496
2020|1799503
2020|1799499
2020|1799491
2020|1799489
2020|1799488
2020|1799509
2020|1799545
2020|1799533
2020|1799532
2020|1799527
2020|1799524
2020|1799520
2020|1799518
2020|1799517
2020|1799505
2020|1799504
2020|1799500
2020|1799479
2020|1799567
2020|1799543
2020|1799528
2020|1799508
2020|1799478
2020|1799477
2020|1799526
2020|1799530
2020|1799579
2020|1799539
2020|1799506
2020|1799580
2020|1799544
2020|1799531
2020|1799575
2020|1799501
2020|1799529
2020|1799577
2020|1817143
2020|1799608
2020|1799601
2020|1816774
2020|1799609
2020|1799610
2020|1799613
2020|1799600
2020|1816800
2020|1816755
2020|1799612
2020|1799615
2020|1799622
2020|1799607
2020|1799619
2020|1799602
2020|1816758
2020|1816766
2020|1815253
2020|1799629
2020|1799621
2020|1799640
2020|1799650
2020|1799641
2020|1799624
2020|1799646
2020|1816802
2020|1799683
2020|1799680
2020|1799675
2020|1799672
2020|1799671
2020|1799667
2020|1799666
2020|1799664
2020|1799662
2020|1799603
2020|1799586
2020|1815254
2020|1816770
2020|1799654
2020|1799583
2020|1799595
2020|1799699
2020|1799719
2020|1799717
2020|1799668
2020|1799686
2020|1799587
2020|1799584
2020|1799663
2020|1799681
2020|1799599
2020|1799708
2020|1799581
2020|1799642
2020|1816778
2020|1799669
2020|1799585
2020|1799684
2020|1799714
2020|1799707
2020|1799606
2020|1799692
2020|1799777
2020|1816874
2020|1799788
2020|1799787
2020|1799781
2020|1799786
2020|1799776
2020|1799820
2020|1799791
2020|1799821
2020|1799784
2020|1799795
2020|1799744
2020|1799723
2020|1799867
2020|1816873
2020|1799824
2020|1799843
2020|1799862
2020|1799863
2020|1799866
2020|1799873
2020|1799789
2020|1799778
2020|1799738
2020|1799855
2020|1799835
2020|1816840
2020|1799875
2020|1799956
2020|1799773
2020|1799814
2020|1799960
2020|1799962
2020|1799998
2020|1800019
2020|1799731
2020|1799947
2020|1800021
2020|1799844
2020|1816841
2020|1799991
2020|1799745
2020|1800030
2020|1816875
2020|1800028
2020|1799733
2020|1800039
2020|1800044
2020|1800058
2020|1800053
2020|1800048
2020|1800060
2020|1799747
2020|1800079
2020|1799734
2020|1816880
2020|1799726
2020|1800059
2020|1799722
2020|1800062
2020|1799746
2020|1799739
2020|1800084
2020|1799737
2020|1800057
2020|1800045
2020|1800078
2020|1816832
2020|1816816
2020|1816752
2020|1816871
2020|1800115
2020|1800100
2020|1800111
2020|1816881
2020|1800116
2020|1816611
2020|1800125
2020|1800122
2020|1816780
2020|1816761
2020|1800121
2020|1800123
2020|1800118
2020|1816872
2020|1800089
2020|1800130
2020|1800102
2020|1800131
2020|1800087
2020|1816878
2020|1800117
2020|1800147
2020|1800141
2020|1816781
2020|1816612
2020|1800148
2020|1800135
2020|1800149
2020|1816763
2020|1800150
2020|1816855
2020|1816838
2020|1800154
2020|1800153
2020|1816757
2020|1816577
2020|1817092
2020|1800159
2020|1800155
2020|1816830
2020|1816748
2020|1800157
2020|1816850
2020|1816788
2020|1816613
2020|1800158
2020|1800101
2020|1800156
2020|1817219
2020|1800151
2020|1800161
2020|1800163
2020|1800169
2020|1800176
2020|1800177
2020|1816828
2020|1800175
2020|1800179
2020|1800178
2020|1800170
2020|1800181
2020|1800183
2020|1800180
2020|1816827
2020|1800187
2020|1800186
2020|1800189
2020|1816824
2020|1800185
2020|1800197
2020|1817016
2020|1800219
2020|1800212
2020|1800204
2020|1800200
2020|1800164
2020|1800196
2020|1800195
2020|1800194
2020|1800223
2020|1800241
2020|1800184
2020|1800240
2020|1800167
2020|1800217
2020|1800220
2020|1816804
2020|1800222
2020|1800209
2020|1800208
2020|1800201
2020|1800221
2020|1800246
2020|1800242
2020|1817242
2020|1800245
2020|1800224
2020|1800247
2020|1817018
2020|1800168
2020|1800248
2020|1817005
2020|1817060
2020|1816989
2020|1800275
2020|1816986
2020|1817042
2020|1816988
2020|1812907
2020|1800253
2020|1800281
2020|1800282
2020|1800283
2020|1817021
2020|1800309
2020|1800294
2020|1812908
2020|1817041
2020|1817004
2020|1816987
2020|1800252
2020|1800336
2020|1800325
2020|1814971
2020|1800250
2020|1800251
2020|1800343
2020|1800346
2020|1800353
2020|1800355
2020|1800359
2020|1800364
2020|1800376
2020|1800399
2020|1800406
2020|1800413
2020|1800414
2020|1800416
2020|1800418
2020|1800427
2020|1800433
2020|1800434
2020|1800438
2020|1800441
2020|1800478
2020|1817003
2020|1800491
2020|1816995
2020|1817040
2020|1800340
2020|1800354
2020|1817006
2020|1812969
2020|1800308
2020|1800440
2020|1800439
2020|1800426
2020|1800411
2020|1800408
2020|1800407
2020|1800386
2020|1800361
2020|1800514
2020|1800385
2020|1800515
2020|1816901
2020|1800338
2020|1814970
2020|1800512
2020|1800360
2020|1800421
2020|1800254
2020|1800420
2020|1800482
2020|1812970
2020|1816882
2020|1816980
2020|1817059
2020|1800536
2020|1800534
2020|1800535
2020|1816994
2020|1816963
2020|1816998
2020|1800516
2020|1800542
2020|1800543
2020|1800540
2020|1800541
2020|1812953
2020|1800546
2020|1816993
2020|1800552
2020|1800554
2020|1800517
2020|1812971
2020|1800557
2020|1817039
2020|1816962
2020|1800556
2020|1817014
2020|1816513
2020|1800574
2020|1800586
2020|1800578
2020|1800572
2020|1800566
2020|1800563
2020|1800560
2020|1816997
2020|1800565
2020|1800564
2020|1816979
2020|1800592
2020|1800567
2020|1800580
2020|1800522
2020|1816991
2020|1800584
2020|1812972
2020|1800587
2020|1800594
2020|1800570
2020|1800588
2020|1800593
2020|1812973
2020|1800601
2020|1800602
2020|1800603
2020|1817072
2020|1800605
2020|1800600
2020|1800606
2020|1817084
2020|1800608
2020|1800609
2020|1800610
2020|1817083
2020|1800607
2020|1800611
2020|1800612
2020|1817082
2020|1800614
2020|1800613
2020|1800617
2020|1817071
2020|1817235
2020|1800634
2020|1800637
2020|1817079
2020|1817234
2020|1817551
2020|1800642
2020|1800646
2020|1817095
2020|1800635
2020|1800647
2020|1800645
2020|1800641
2020|1817233
2020|1800651
2020|1800644
2020|1800643
2020|1817312
2020|1800661
2020|1817099
2020|1800682
2020|1817058
2020|1800677
2020|1800655
2020|1800695
2020|1800698
2020|1817232
2020|1816990
2020|1800674
2020|1800675
2020|1800676
2020|1800654
2020|1817310
2020|1817078
2020|1800683
2020|1800687
2020|1817012
2020|1800694
2020|1800615
2020|1800712
2020|1800691
2020|1800713
2020|1817056
2020|1800681
2020|1800692
2020|1800696
2020|1817093
2020|1817309
2020|1800699
2020|1817308
2020|1800724
2020|1800727
2020|1800714
2020|1800718
2020|1800721
2020|1800723
2020|1800722
2020|1800716
2020|1816964
2020|1800740
2020|1800743
2020|1800755
2020|1800752
2020|1800750
2020|1800747
2020|1816965
2020|1800754
2020|1817629
2020|1800786
2020|1800785
2020|1800773
2020|1800789
2020|1800766
2020|1800794
2020|1800784
2020|1800779
2020|1817506
2020|1800771
2020|1816966
2020|1800849
2020|1800717
2020|1800855
2020|1800850
2020|1800841
2020|1800830
2020|1800859
2020|1800871
2020|1800836
2020|1800860
2020|1800883
2020|1800888
2020|1800817
2020|1800831
2020|1800911
2020|1800890
2020|1800905
2020|1800912
2020|1816967
2020|1800896
2020|1800898
2020|1800899
2020|1800728
2020|1800907
2020|1800904
2020|1800900
2020|1800881
2020|1800886
2020|1800715
2020|1800920
2020|1800913
2020|1800908
2020|1800915
2020|1800909
2020|1800933
2020|1817231
2020|1800950
2020|1800949
2020|1800945
2020|1800952
2020|1800951
2020|1817243
2020|1817306
2020|1800954
2020|1800948
2020|1800974
2020|1800969
2020|1800988
2020|1800985
2020|1801003
2020|1800962
2020|1817230
2020|1817287
2020|1801016
2020|1800960
2020|1800993
2020|1801019
2020|1800932
2020|1800981
2020|1817229
2020|1801027
2020|1801026
2020|1801025
2020|1800996
2020|1801028
2020|1817305
2020|1801023
2020|1801022
2020|1817304
2020|1801030
2020|1801018
2020|1817850
2020|1801034
2020|1801032
2020|1801042
2020|1801041
2020|1801039
2020|1801056
2020|1801064
2020|1801059
2020|1801055
2020|1801047
2020|1801046
2020|1801043
2020|1801073
2020|1801060
2020|1801061
2020|1801063
2020|1817667
2020|1801084
2020|1801087
2020|1801070
2020|1801098
2020|1801103
2020|1801106
2020|1801101
2020|1801160
2020|1801159
2020|1801173
2020|1801157
2020|1801156
2020|1801155
2020|1801094
2020|1801095
2020|1801111
2020|1801174
2020|1801115
2020|1801119
2020|1801120
2020|1801123
2020|1801164
2020|1801153
2020|1801166
2020|1801165
2020|1801151
2020|1801149
2020|1801145
2020|1801132
2020|1801127
2020|1801129
2020|1801109
2020|1801108
2020|1801092
2020|1801107
2020|1801105
2020|1801163
2020|1801161
2020|1801154
2020|1801152
2020|1801150
2020|1801139
2020|1801128
2020|1801125
2020|1801116
2020|1801091
2020|1801090
2020|1801088
2020|1801100
2020|1801183
2020|1801089
2020|1801112
2020|1801204
2020|1801208
2020|1801206
2020|1801168
2020|1801209
2020|1801210
2020|1801169
2020|1801158
2020|1801175
2020|1801207
2020|1801252
2020|1801271
2020|1801219
2020|1801328
2020|1801326
2020|1801350
2020|1801349
2020|1801347
2020|1801341
2020|1801339
2020|1801338
2020|1801256
2020|1801257
2020|1801262
2020|1801263
2020|1801264
2020|1801242
2020|1801266
2020|1801333
2020|1801272
2020|1801274
2020|1801211
2020|1801213
2020|1801289
2020|1801217
2020|1801296
2020|1801300
2020|1801218
2020|1801310
2020|1801313
2020|1801320
2020|1801324
2020|1801358
2020|1801220
2020|1801356
2020|1801367
2020|1801331
2020|1801308
2020|1801293
2020|1801276
2020|1801275
2020|1801273
2020|1801265
2020|1801260
2020|1801250
2020|1801249
2020|1801357
2020|1801397
2020|1801389
2020|1801215
2020|1801259
2020|1801288
2020|1801325
2020|1801335
2020|1801354
2020|1801413
2020|1801436
2020|1801435
2020|1801437
2020|1801345
2020|1801355
2020|1801428
2020|1801269
2020|1801216
2020|1801214
2020|1801346
2020|1801426
2020|1801434
2020|1801438
2020|1801464
2020|1801450
2020|1801468
2020|1801449
2020|1801441
2020|1801463
2020|1801497
2020|1801439
2020|1801440
2020|1801507
2020|1801509
2020|1801518
2020|1801533
2020|1801521
2020|1801529
2020|1801536
2020|1801524
2020|1801532
2020|1801526
2020|1801525
2020|1801523
2020|1801510
2020|1801571
2020|1801515
2020|1801537
2020|1801569
2020|1801575
2020|1801535
2020|1801567
2020|1801593
2020|1801608
2020|1801600
2020|1801599
2020|1801606
2020|1801604
2020|1801601
2020|1801578
2020|1801983
2020|1801635
2020|1801655
2020|1801648
2020|1801643
2020|1801622
2020|1801639
2020|1801616
2020|1801615
2020|1801630
2020|1801644
2020|1801618
2020|1801632
2020|1801614
2020|1801607
2020|1801638
2020|1801595
2020|1801590
2020|1801588
2020|1801699
2020|1801698
2020|1801695
2020|1801656
2020|1801690
2020|1801692
2020|1801693
2020|1801694
2020|1801658
2020|1801579
2020|1801701
2020|1801697
2020|1801610
2020|1801598
2020|1801801
2020|1801669
2020|1801672
2020|1801674
2020|1801597
2020|1801581
2020|1801826
2020|1801831
2020|1801839
2020|1801872
2020|1801879
2020|1801592
2020|1801804
2020|1801805
2020|1801587
2020|1801580
2020|1801810
2020|1801871
2020|1801873
2020|1801889
2020|1801867
2020|1801893
2020|1801795
2020|1801891
2020|1801888
2020|1801896
2020|1801876
2020|1801594
2020|1801907
2020|1801577
2020|1801911
2020|1801829
2020|1801825
2020|1801917
2020|1801589
2020|1801582
2020|1801947
2020|1801945
2020|1801940
2020|1801936
2020|1801925
2020|1801923
2020|1801920
2020|1801913
2020|1801912
2020|1801596
2020|1801576
2020|1801943
2020|1801931
2020|1801968
2020|1801887
2020|1801932
2020|1801948
2020|1801924
2020|1801941
2020|1801584
2020|1801969
2020|1801963
2020|1801971
2020|1801946
2020|1801926
2020|1801939
2020|1801938
2020|1801937
2020|1801935
2020|1801977
2020|1801993
2020|1801990
2020|1801591
2020|1801987
2020|1801989
2020|1801988
2020|1801996
2020|1802009
2020|1802008
2020|1802006
2020|1801999
2020|1801997
2020|1801995
2020|1801973
2020|1801994
2020|1802011
2020|1802003
2020|1802001
2020|1801976
2020|1802023
2020|1802020
2020|1802014
2020|1802007
2020|1802026
2020|1802021
2020|1802018
2020|1802024
2020|1802027
2020|1802025
2020|1802015
2020|1802029
2020|1802028
2020|1802016
2020|1802030
2020|1802034
2020|1802043
2020|1802038
2020|1802033
2020|1802051
2020|1802052
2020|1802053
2020|1802048
2020|1802054
2020|1802055
2020|1802062
2020|1802072
2020|1802097
2020|1802092
2020|1802090
2020|1802089
2020|1802086
2020|1802085
2020|1802082
2020|1802074
2020|1802071
2020|1802068
2020|1802066
2020|1802065
2020|1802120
2020|1802077
2020|1802113
2020|1802093
2020|1813801
2020|1802067
2020|1802095
2020|1802119
2020|1802069
2020|1802122
2020|1802123
2020|1802124
2020|1802133
2020|1802152
2020|1802181
2020|1802176
2020|1802170
2020|1802169
2020|1802163
2020|1802144
2020|1802140
2020|1802138
2020|1802121
2020|1802147
2020|1802167
2020|1802180
2020|1802145
2020|1802146
2020|1802134
2020|1802164
2020|1802165
2020|1802193
2020|1802206
2020|1802149
2020|1802166
2020|1802174
2020|1802204
2020|1802210
2020|1802214
2020|1802221
2020|1802216
2020|1802213
2020|1802223
2020|1802260
2020|1802257
2020|1802256
2020|1802287
2020|1802265
2020|1802249
2020|1802251
2020|1802269
2020|1802266
2020|1818608
2020|1802289
2020|1802288
2020|1802303
2020|1802305
2020|1802301
2020|1802294
2020|1802293
2020|1802290
2020|1802304
2020|1802291
2020|1802302
2020|1802292
2020|1802311
2020|1802313
2020|1802312
2020|1802314
2020|1802317
2020|1802316
2020|1802315
2020|1802319
2020|1802320
2020|1802336
2020|1802335
2020|1802338
2020|1802298
2020|1802345
2020|1802349
2020|1802360
2020|1802364
2020|1802368
2020|1802371
2020|1802372
2020|1802374
2020|1802377
2020|1802380
2020|1802381
2020|1802343
2020|1802428
2020|1802422
2020|1802318
2020|1802385
2020|1802353
2020|1802347
2020|1802479
2020|1802488
2020|1802466
2020|1802471
2020|1802358
2020|1802448
2020|1802442
2020|1802496
2020|1802373
2020|1802499
2020|1802498
2020|1802481
2020|1802480
2020|1802492
2020|1802402
2020|1802497
2020|1802486
2020|1802536
2020|1802526
2020|1802504
2020|1802508
2020|1802520
2020|1802447
2020|1802523
2020|1802528
2020|1802521
2020|1802503
2020|1802533
2020|1802558
2020|1802545
2020|1802538
2020|1802534
2020|1802562
2020|1802553
2020|1802543
2020|1802559
2020|1802540
2020|1802527
2020|1802554
2020|1802566
2020|1802567
2020|1802563
2020|1802565
2020|1802654
2020|1802579
2020|1802580
2020|1802576
2020|1802585
2020|1802586
2020|1802578
2020|1802595
2020|1802594
2020|1802593
2020|1802590
2020|1802587
2020|1802598
2020|1802588
2020|1802616
2020|1802612
2020|1802631
2020|1802601
2020|1802629
2020|1802628
2020|1802626
2020|1802584
2020|1802636
2020|1802630
2020|1802635
2020|1802617
2020|1818180
2020|1802637
2020|1802623
2020|1802639
2020|1802642
2020|1802619
2020|1802643
2020|1802650
2020|1802663
2020|1802680
2020|1802681
2020|1802699
2020|1802694
2020|1802664
2020|1802692
2020|1802677
2020|1802686
2020|1802690
2020|1802700
2020|1802697
2020|1802696
2020|1802712
2020|1802701
2020|1802695
2020|1802698
2020|1802683
2020|1802725
2020|1802732
2020|1802724
2020|1802721
2020|1802728
2020|1802722
2020|1817411
2020|1817412
2020|1802740
2020|1802753
2020|1802763
2020|1802769
2020|1802772
2020|1802800
2020|1802793
2020|1802789
2020|1802778
2020|1802775
2020|1802773
2020|1802729
2020|1802770
2020|1802799
2020|1802723
2020|1802727
2020|1802731
2020|1802798
2020|1802796
2020|1802783
2020|1802776
2020|1802803
2020|1802795
2020|1802766
2020|1802779
2020|1802791
2020|1802816
2020|1802768
2020|1802804
2020|1802817
2020|1802794
2020|1802814
2020|1802818
2020|1802821
2020|1802824
2020|1802826
2020|1802828
2020|1802825
2020|1802823
2020|1802833
2020|1802836
2020|1802866
2020|1802867
2020|1802852
2020|1802863
2020|1802860
2020|1802886
2020|1802908
2020|1802904
2020|1802901
2020|1802900
2020|1802897
2020|1802896
2020|1802892
2020|1802890
2020|1802888
2020|1802883
2020|1802880
2020|1802879
2020|1802877
2020|1802873
2020|1802871
2020|1802865
2020|1802869
2020|1802868
2020|1802928
2020|1802827
2020|1802894
2020|1802893
2020|1802876
2020|1802889
2020|1802907
2020|1802875
2020|1802930
2020|1802902
2020|1802903
2020|1802874
2020|1802924
2020|1802936
2020|1802926
2020|1802906
2020|1802909
2020|1802853
2020|1803659
2020|1802872
2020|1802898
2020|1802905
2020|1802937
2020|1802910
2020|1802929
2020|1802938
2020|1802939
2020|1802941
2020|1802942
2020|1802944
2020|1802940
2020|1802945
2020|1802950
2020|1802949
2020|1802979
2020|1803003
2020|1803002
2020|1803001
2020|1802999
2020|1802997
2020|1802981
2020|1802976
2020|1802975
2020|1802968
2020|1802985
2020|1803000
2020|1802991
2020|1802980
2020|1802962
2020|1802971
2020|1802995
2020|1802998
2020|1802978
2020|1802993
2020|1803013
2020|1803038
2020|1803040
2020|1803039
2020|1803048
2020|1803050
2020|1803077
2020|1803069
2020|1803075
2020|1803082
2020|1803076
2020|1803083
2020|1803103
2020|1803095
2020|1803094
2020|1803084
2020|1803104
2020|1803093
2020|1803102
2020|1803119
2020|1803122
2020|1803097
2020|1803086
2020|1803132
2020|1803136
2020|1803129
2020|1803131
2020|1803127
2020|1803126
2020|1803133
2020|1803144
2020|1803142
2020|1803135
2020|1803147
2020|1803124
2020|1803123
2020|1803143
2020|1803137
2020|1803152
2020|1803154
2020|1803375
2020|1803166
2020|1803163
2020|1803161
2020|1803159
2020|1803158
2020|1803157
2020|1803156
2020|1803188
2020|1803189
2020|1803183
2020|1803180
2020|1803178
2020|1803153
2020|1803172
2020|1817398
2020|1803155
2020|1803190
2020|1803174
2020|1803160
2020|1803168
2020|1803177
2020|1803184
2020|1803186
2020|1803187
2020|1803191
2020|1817401
2020|1803193
2020|1803194
2020|1803195
2020|1803199
2020|1803205
2020|1803207
2020|1803210
2020|1803212
2020|1803213
2020|1803214
2020|1803215
2020|1803218
2020|1803221
2020|1803223
2020|1803224
2020|1803148
2020|1803226
2020|1803167
2020|1803173
2020|1803192
2020|1803201
2020|1803165
2020|1803164
2020|1803254
2020|1817399
2020|1803230
2020|1803251
2020|1803301
2020|1803296
2020|1803282
2020|1803280
2020|1803259
2020|1803257
2020|1803185
2020|1803252
2020|1817402
2020|1803134
2020|1803292
2020|1803300
2020|1803217
2020|1803146
2020|1803283
2020|1803320
2020|1803317
2020|1803325
2020|1803328
2020|1803327
2020|1803318
2020|1803316
2020|1803314
2020|1803288
2020|1803347
2020|1803344
2020|1803338
2020|1803337
2020|1803336
2020|1803332
2020|1803331
2020|1803330
2020|1803279
2020|1820987
2020|1803343
2020|1803341
2020|1803346
2020|1803326
2020|1803357
2020|1803335
2020|1803334
2020|1803364
2020|1803342
2020|1803345
2020|1803363
2020|1803351
2020|1803361
2020|1803365
2020|1803368
2020|1803369
2020|1803371
2020|1803366
2020|1803374
2020|1803379
2020|1803377
2020|1803376
2020|1803388
2020|1803378
2020|1803383
2020|1803390
2020|1803382
2020|1803373
2020|1803367
2020|1803398
2020|1803397
2020|1803396
2020|1803395
2020|1803394
2020|1803393
2020|1803391
2020|1803381
2020|1803406
2020|1803399
2020|1803392
2020|1803400
2020|1803413
2020|1803415
2020|1803418
2020|1803387
2020|1803419
2020|1803411
2020|1803414
2020|1803412
2020|1803417
2020|1803422
2020|1803423
2020|1803421
2020|1803424
2020|1817410
2020|1803430
2020|1803431
2020|1817409
2020|1803432
2020|1803433
2020|1803434
2020|1817408
2020|1817407
2020|1817405
2020|1817406
2020|1817420
2020|1817404
2020|1803446
2020|1803444
2020|1803457
2020|1803462
2020|1803454
2020|1803452
2020|1803463
2020|1803458
2020|1803451
2020|1803465
2020|1803453
2020|1803459
2020|1803461
2020|1803464
2020|1803466
2020|1803477
2020|1803479
2020|1803480
2020|1803478
2020|1803481
2020|1803483
2020|1803487
2020|1803490
2020|1803485
2020|1803486
2020|1803489
2020|1803492
2020|1803500
2020|1803501
2020|1803502
2020|1803503
2020|1803506
2020|1803517
2020|1803491
2020|1803482
2020|1803499
2020|1803505
2020|1803520
2020|1803515
2020|1803514
2020|1803497
2020|1803495
2020|1813802
2020|1803523
2020|1803529
2020|1803532
2020|1803521
2020|1803522
2020|1803536
2020|1803516
2020|1803504
2020|1803525
2020|1803538
2020|1803531
2020|1803510
2020|1803541
2020|1803533
2020|1803527
2020|1803455
2020|1803548
2020|1803550
2020|1803553
2020|1803543
2020|1803551
2020|1803552
2020|1803557
2020|1803554
2020|1803560
2020|1803581
2020|1803563
2020|1803567
2020|1803562
2020|1803561
2020|1803572
2020|1803588
2020|1803589
2020|1803590
2020|1803591
2020|1803595
2020|1803602
2020|1803601
2020|1803598
2020|1803607
2020|1803621
2020|1796902
2020|1803613
2020|1803612
2020|1803570
2020|1803622
2020|1803614
2020|1803616
2020|1803615
2020|1803611
2020|1803609
2020|1803593
2020|1803620
2020|1803649
2020|1803661
2020|1803619
2020|1803600
2020|1803631
2020|1803634
2020|1803657
2020|1803644
2020|1803656
2020|1803646
2020|1803632
2020|1803617
2020|1803618
2020|1803672
2020|1803671
2020|1803660
2020|1803658
2020|1803664
2020|1803647
2020|1803665
2020|1803673
2020|1803641
2020|1803645
2020|1820967
2020|1803683
2020|1803566
2020|1803682
2020|1803571
2020|1803670
2020|1803573
2020|1803691
2020|1803692
2020|1803668
2020|1803713
2020|1803699
2020|1803714
2020|1803711
2020|1803708
2020|1803709
2020|1803710
2020|1803706
2020|1803701
2020|1803707
2020|1803712
2020|1803746
2020|1803748
2020|1803754
2020|1803755
2020|1803759
2020|1803758
2020|1803756
2020|1803787
2020|1803788
2020|1803786
2020|1803785
2020|1803766
2020|1803792
2020|1803820
2020|1803819
2020|1803816
2020|1803815
2020|1803811
2020|1803810
2020|1803809
2020|1803806
2020|1803803
2020|1803793
2020|1803794
2020|1803795
2020|1803797
2020|1803798
2020|1803799
2020|1803814
2020|1803791
2020|1803813
2020|1803826
2020|1803821
2020|1803817
2020|1803800
2020|1803796
2020|1803827
2020|1803823
2020|1803831
2020|1803832
2020|1803837
2020|1803840
2020|1803848
2020|1803855
2020|1803838
2020|1803856
2020|1803868
2020|1803869
2020|1803873
2020|1803877
2020|1803874
2020|1803875
2020|1803876
2020|1803879
2020|1803882
2020|1803880
2020|1803881
2020|1803883
2020|1803889
2020|1803886
2020|1803890
2020|1803891
2020|1803893
2020|1803896
2020|1803899
2020|1803894
2020|1803895
2020|1803900
2020|1803903
2020|1803904
2020|1803905
2020|1803907
2020|1803901
2020|1803902
2020|1803914
2020|1803913
2020|1803912
2020|1803911
2020|1803909
2020|1803915
2020|1803928
2020|1803942
2020|1803938
2020|1803956
2020|1803997
2020|1803995
2020|1803991
2020|1803990
2020|1803989
2020|1803946
2020|1803947
2020|1803951
2020|1803953
2020|1803954
2020|1803955
2020|1803959
2020|1803962
2020|1803965
2020|1803967
2020|1803970
2020|1803974
2020|1803975
2020|1803979
2020|1803984
2020|1803985
2020|1803986
2020|1803987
2020|1804020
2020|1804002
2020|1804040
2020|1804047
2020|1804025
2020|1803943
2020|1803948
2020|1803952
2020|1803968
2020|1803971
2020|1803972
2020|1803977
2020|1803980
2020|1803982
2020|1803994
2020|1803996
2020|1804068
2020|1803908
2020|1804000
2020|1804049
2020|1803964
2020|1804063
2020|1804071
2020|1803963
2020|1803945
2020|1804064
2020|1803993
2020|1804070
2020|1804054
2020|1803998
2020|1803960
2020|1803949
2020|1804029
2020|1804069
2020|1803910
2020|1804072
2020|1804074
2020|1804073
2020|1804101
2020|1804102
2020|1804103
2020|1804104
2020|1803969
2020|1804098
2020|1804106
2020|1804115
2020|1804114
2020|1804111
2020|1804110
2020|1804116
2020|1804109
2020|1804141
2020|1804150
2020|1804113
2020|1804107
2020|1804105
2020|1804151
2020|1804158
2020|1804161
2020|1804163
2020|1804180
2020|1804168
2020|1804170
2020|1804177
2020|1804179
2020|1804164
2020|1804154
2020|1804160
2020|1804176
2020|1804169
2020|1804166
2020|1804157
2020|1804175
2020|1804155
2020|1804189
2020|1804572
2020|1804197
2020|1804192
2020|1804196
2020|1804190
2020|1804188
2020|1804193
2020|1804199
2020|1804217
2020|1804204
2020|1804205
2020|1804210
2020|1804183
2020|1804207
2020|1804229
2020|1804232
2020|1804251
2020|1804259
2020|1804287
2020|1804267
2020|1804271
2020|1804273
2020|1804286
2020|1804261
2020|1804235
2020|1804250
2020|1804275
2020|1804279
2020|1804303
2020|1804367
2020|1804372
2020|1804379
2020|1804387
2020|1804246
2020|1804277
2020|1804462
2020|1804457
2020|1804456
2020|1804454
2020|1804305
2020|1804319
2020|1804358
2020|1804478
2020|1804406
2020|1804407
2020|1804409
2020|1804410
2020|1804416
2020|1804417
2020|1804446
2020|1804448
2020|1804450
2020|1804451
2020|1804386
2020|1804482
2020|1804399
2020|1804393
2020|1804483
2020|1804370
2020|1804471
2020|1804472
2020|1804152
2020|1804172
2020|1804403
2020|1804458
2020|1804288
2020|1804480
2020|1804510
2020|1804348
2020|1804485
2020|1804504
2020|1804502
2020|1804519
2020|1804492
2020|1804497
2020|1804167
2020|1804517
2020|1804153
2020|1804508
2020|1804529
2020|1804534
2020|1804538
2020|1804465
2020|1804434
2020|1804524
2020|1804162
2020|1804532
2020|1804531
2020|1804522
2020|1804490
2020|1804525
2020|1804539
2020|1804537
2020|1804535
2020|1804556
2020|1804550
2020|1804174
2020|1804530
2020|1804516
2020|1804549
2020|1804178
2020|1804156
2020|1804544
2020|1804542
2020|1804560
2020|1804182
2020|1804546
2020|1804565
2020|1804574
2020|1804573
2020|1804566
2020|1804575
2020|1804567
2020|1804579
2020|1804578
2020|1804568
2020|1804587
2020|1804582
2020|1804581
2020|1804563
2020|1804580
2020|1804577
2020|1804588
2020|1804593
2020|1804590
2020|1804589
2020|1804591
2020|1804600
2020|1804601
2020|1804604
2020|1804610
2020|1804562
2020|1804613
2020|1804614
2020|1804612
2020|1804617
2020|1804619
2020|1804618
2020|1804623
2020|1804621
2020|1804648
2020|1804651
2020|1804653
2020|1804671
2020|1804634
2020|1804674
2020|1804655
2020|1804637
2020|1804654
2020|1804672
2020|1804678
2020|1804664
2020|1804690
2020|1804687
2020|1804694
2020|1804693
2020|1804703
2020|1804702
2020|1804734
2020|1804742
2020|1804739
2020|1804738
2020|1804735
2020|1804732
2020|1804730
2020|1804729
2020|1804728
2020|1804722
2020|1804721
2020|1804720
2020|1804711
2020|1804715
2020|1804719
2020|1804709
2020|1804743
2020|1804758
2020|1804756
2020|1804759
2020|1804760
2020|1804754
2020|1804763
2020|1804765
2020|1804764
2020|1804766
2020|1804767
2020|1804771
2020|1804770
2020|1804769
2020|1804796
2020|1804807
2020|1804812
2020|1804803
2020|1804857
2020|1804882
2020|1804881
2020|1804877
2020|1804874
2020|1804870
2020|1804868
2020|1804867
2020|1804866
2020|1804865
2020|1804863
2020|1804862
2020|1804860
2020|1804855
2020|1804841
2020|1804826
2020|1804825
2020|1804823
2020|1804821
2020|1804820
2020|1804819
2020|1804817
2020|1804814
2020|1804811
2020|1804887
2020|1804941
2020|1804813
2020|1804883
2020|1804884
2020|1804772
2020|1804773
2020|1804875
2020|1804828
2020|1804836
2020|1804878
2020|1804844
2020|1804981
2020|1804960
2020|1804983
2020|1804965
2020|1804815
2020|1804984
2020|1804976
2020|1804977
2020|1804876
2020|1804980
2020|1804869
2020|1804830
2020|1804822
2020|1804987
2020|1804985
2020|1804992
2020|1804990
2020|1804991
2020|1804989
2020|1805000
2020|1805030
2020|1805038
2020|1804998
2020|1804997
2020|1804995
2020|1805020
2020|1805021
2020|1805019
2020|1805022
2020|1805028
2020|1805005
2020|1805006
2020|1805007
2020|1805008
2020|1805009
2020|1805010
2020|1805011
2020|1805026
2020|1805014
2020|1805023
2020|1805092
2020|1805003
2020|1804986
2020|1805016
2020|1805017
2020|1805114
2020|1805034
2020|1805031
2020|1805027
2020|1805025
2020|1805024
2020|1805042
2020|1805096
2020|1805123
2020|1805033
2020|1805127
2020|1805037
2020|1804999
2020|1805040
2020|1804994
2020|1805015
2020|1805001
2020|1805004
2020|1805013
2020|1805018
2020|1805041
2020|1805093
2020|1804988
2020|1805119
2020|1805129
2020|1805140
2020|1805143
2020|1805144
2020|1805139
2020|1805145
2020|1805155
2020|1805153
2020|1805154
2020|1805194
2020|1805195
2020|1805202
2020|1805219
2020|1805211
2020|1805201
2020|1805198
2020|1805213
2020|1805210
2020|1805222
2020|1805220
2020|1805200
2020|1805197
2020|1805208
2020|1805212
2020|1805215
2020|1805223
2020|1805595
2020|1805224
2020|1805225
2020|1805226
2020|1805227
2020|1805231
2020|1805233
2020|1805239
2020|1805236
2020|1805228
2020|1805251
2020|1805268
2020|1805262
2020|1805314
2020|1805327
2020|1805335
2020|1805292
2020|1805293
2020|1805302
2020|1805312
2020|1805242
2020|1805329
2020|1805315
2020|1805316
2020|1805318
2020|1805319
2020|1805278
2020|1805321
2020|1805322
2020|1805206
2020|1805340
2020|1805320
2020|1805313
2020|1805364
2020|1805214
2020|1805361
2020|1805455
2020|1805476
2020|1805339
2020|1805238
2020|1805328
2020|1805435
2020|1805437
2020|1805362
2020|1805365
2020|1805500
2020|1805504
2020|1805506
2020|1805512
2020|1805525
2020|1805544
2020|1805548
2020|1805550
2020|1805551
2020|1805552
2020|1805560
2020|1805569
2020|1805571
2020|1805583
2020|1805207
2020|1805477
2020|1805589
2020|1805588
2020|1805491
2020|1805490
2020|1805488
2020|1805486
2020|1805567
2020|1805593
2020|1805563
2020|1805514
2020|1805594
2020|1805505
2020|1805564
2020|1805600
2020|1805599
2020|1805534
2020|1805559
2020|1805585
2020|1805606
2020|1805591
2020|1805607
2020|1805616
2020|1805196
2020|1805434
2020|1805618
2020|1805617
2020|1805570
2020|1805562
2020|1805592
2020|1805622
2020|1805604
2020|1805614
2020|1805221
2020|1805624
2020|1805654
2020|1805646
2020|1805629
2020|1805602
2020|1805653
2020|1805641
2020|1805638
2020|1805658
2020|1805644
2020|1805649
2020|1805650
2020|1805642
2020|1805636
2020|1805635
2020|1805674
2020|1805633
2020|1805630
2020|1805626
2020|1805620
2020|1805615
2020|1805205
2020|1805601
2020|1805671
2020|1805669
2020|1805665
2020|1805664
2020|1805652
2020|1805209
2020|1805645
2020|1805634
2020|1805648
2020|1805657
2020|1805655
2020|1805659
2020|1805662
2020|1805675
2020|1805676
2020|1805678
2020|1805685
2020|1805686
2020|1805687
2020|1805691
2020|1805692
2020|1805696
2020|1805695
2020|1805693
2020|1805704
2020|1805706
2020|1805705
2020|1805707
2020|1805710
2020|1805711
2020|1805712
2020|1821366
2020|1805717
2020|1805709
2020|1805728
2020|1805729
2020|1805725
2020|1805723
2020|1805719
2020|1805718
2020|1805741
2020|1805740
2020|1805757
2020|1805763
2020|1805761
2020|1805755
2020|1805754
2020|1805749
2020|1805746
2020|1805745
2020|1805743
2020|1805760
2020|1805747
2020|1805783
2020|1805758
2020|1805744
2020|1805790
2020|1805785
2020|1805788
2020|1805792
2020|1805786
2020|1805791
2020|1805742
2020|1805787
2020|1805796
2020|1805799
2020|1805801
2020|1805798
2020|1805797
2020|1805847
2020|1805849
2020|1805850
2020|1805851
2020|1805913
2020|1805939
2020|1805937
2020|1805935
2020|1805933
2020|1805927
2020|1805921
2020|1805919
2020|1805918
2020|1805917
2020|1805916
2020|1805915
2020|1805912
2020|1805906
2020|1805880
2020|1805865
2020|1805864
2020|1805863
2020|1805861
2020|1805859
2020|1805854
2020|1805803
2020|1805852
2020|1805802
2020|1805929
2020|1805920
2020|1805860
2020|1805926
2020|1805869
2020|1805872
2020|1805904
2020|1805909
2020|1805910
2020|1805914
2020|1805936
2020|1806046
2020|1805963
2020|1806045
2020|1805857
2020|1806039
2020|1805924
2020|1806020
2020|1806034
2020|1805922
2020|1806047
2020|1805928
2020|1805879
2020|1806044
2020|1805800
2020|1806073
2020|1806072
2020|1806052
2020|1805793
2020|1806069
2020|1806108
2020|1806111
2020|1806112
2020|1806103
2020|1806071
2020|1806102
2020|1806100
2020|1806098
2020|1806094
2020|1806091
2020|1806066
2020|1806086
2020|1806084
2020|1806080
2020|1806078
2020|1806077
2020|1806059
2020|1806054
2020|1806053
2020|1806048
2020|1806056
2020|1806081
2020|1806093
2020|1806097
2020|1806090
2020|1806096
2020|1806049
2020|1806104
2020|1806057
2020|1806107
2020|1806092
2020|1806063
2020|1806114
2020|1806162
2020|1806153
2020|1806151
2020|1806075
2020|1806116
2020|1806113
2020|1806105
2020|1806088
2020|1806180
2020|1806055
2020|1806051
2020|1806068
2020|1806058
2020|1806087
2020|1806079
2020|1806061
2020|1806060
2020|1806101
2020|1806156
2020|1806173
2020|1806174
2020|1806050
2020|1806175
2020|1806193
2020|1806194
2020|1806197
2020|1806199
2020|1806202
2020|1806210
2020|1806204
2020|1806244
2020|1806209
2020|1806257
2020|1806259
2020|1806261
2020|1806275
2020|1806264
2020|1806269
2020|1806271
2020|1806262
2020|1806267
2020|1806258
2020|1806260
2020|1806276
2020|1806274
2020|1806278
2020|1806279
2020|1806280
2020|1806281
2020|1806282
2020|1806286
2020|1806287
2020|1806289
2020|1806290
2020|1806293
2020|1806284
2020|1806285
2020|1806288
2020|1806301
2020|1806324
2020|1806325
2020|1806327
2020|1806340
2020|1806309
2020|1806345
2020|1806318
2020|1806319
2020|1806328
2020|1806329
2020|1806337
2020|1806349
2020|1806362
2020|1806370
2020|1806377
2020|1806383
2020|1806385
2020|1806386
2020|1806387
2020|1806390
2020|1806392
2020|1806395
2020|1806403
2020|1806343
2020|1806344
2020|1806405
2020|1806292
2020|1806366
2020|1806397
2020|1806375
2020|1806296
2020|1806493
2020|1806339
2020|1806404
2020|1806294
2020|1806272
2020|1806646
2020|1806364
2020|1806391
2020|1806434
2020|1806459
2020|1806502
2020|1806503
2020|1806504
2020|1806505
2020|1806567
2020|1806575
2020|1806577
2020|1806587
2020|1806589
2020|1806615
2020|1806618
2020|1806623
2020|1806624
2020|1806632
2020|1806645
2020|1806314
2020|1806534
2020|1806651
2020|1806542
2020|1806541
2020|1806653
2020|1806649
2020|1806550
2020|1806559
2020|1806639
2020|1806640
2020|1806629
2020|1806648
2020|1806270
2020|1806627
2020|1806626
2020|1806652
2020|1806647
2020|1806598
2020|1806448
2020|1806684
2020|1806682
2020|1806263
2020|1806681
2020|1806532
2020|1806658
2020|1806659
2020|1806662
2020|1806676
2020|1806670
2020|1806687
2020|1806556
2020|1806686
2020|1806677
2020|1806571
2020|1806685
2020|1806715
2020|1806714
2020|1806712
2020|1806711
2020|1806706
2020|1806705
2020|1806695
2020|1806692
2020|1806689
2020|1806688
2020|1806660
2020|1806702
2020|1806734
2020|1806720
2020|1806696
2020|1806691
2020|1806690
2020|1806699
2020|1806733
2020|1806727
2020|1806716
2020|1806717
2020|1806703
2020|1806273
2020|1806704
2020|1806736
2020|1806708
2020|1806721
2020|1806735
2020|1806740
2020|1806291
2020|1806745
2020|1806742
2020|1806748
2020|1806746
2020|1806394
2020|1806749
2020|1806751
2020|1806757
2020|1806758
2020|1806698
2020|1806761
2020|1806762
2020|1806760
2020|1806764
2020|1806765
2020|1806771
2020|1969113
2020|1806769
2020|1806768
2020|1806767
2020|1806779
2020|1806770
2020|1806766
2020|1806786
2020|1806788
2020|1806790
2020|1806801
2020|1806799
2020|1806798
2020|1806796
2020|1806794
2020|1806791
2020|1806824
2020|1806821
2020|1806819
2020|1806772
2020|1806826
2020|1806803
2020|1806828
2020|1806838
2020|1806862
2020|1806861
2020|1806860
2020|1806857
2020|1806850
2020|1806849
2020|1806844
2020|1806841
2020|1806840
2020|1806839
2020|1806847
2020|1806846
2020|1806885
2020|1806880
2020|1806888
2020|1806879
2020|1806878
2020|1806891
2020|1806890
2020|1806887
2020|1806889
2020|1806886
2020|1806934
2020|1806992
2020|1806998
2020|1806996
2020|1806995
2020|1806994
2020|1806897
2020|1806898
2020|1806902
2020|1806937
2020|1807013
2020|1806940
2020|1806945
2020|1807012
2020|1806896
2020|1806949
2020|1806920
2020|1807007
2020|1806928
2020|1806955
2020|1807005
2020|1806892
2020|1807001
2020|1806991
2020|1806965
2020|1806971
2020|1806973
2020|1807003
2020|1806935
2020|1806933
2020|1807002
2020|1806993
2020|1806989
2020|1806963
2020|1806954
2020|1806950
2020|1806947
2020|1806974
2020|1807117
2020|1807120
2020|1807016
2020|1806938
2020|1807094
2020|1807116
2020|1807112
2020|1807097
2020|1807121
2020|1806893
2020|1806951
2020|1806957
2020|1806946
2020|1807014
2020|1807095
2020|1807139
2020|1807141
2020|1807138
2020|1807154
2020|1807171
2020|1807170
2020|1807168
2020|1807167
2020|1807164
2020|1807163
2020|1807162
2020|1807160
2020|1807159
2020|1807158
2020|1807153
2020|1807151
2020|1807150
2020|1807149
2020|1807148
2020|1807147
2020|1807146
2020|1807144
2020|1807126
2020|1807123
2020|1807122
2020|1807135
2020|1807176
2020|1807156
2020|1807145
2020|1807142
2020|1807134
2020|1807133
2020|1807127
2020|1807165
2020|1807140
2020|1807243
2020|1807220
2020|1807211
2020|1807208
2020|1807206
2020|1807205
2020|1807143
2020|1807173
2020|1807152
2020|1807237
2020|1807130
2020|1807131
2020|1807129
2020|1807128
2020|1807132
2020|1807172
2020|1807242
2020|1807174
2020|1807124
2020|1807236
2020|1807240
2020|1807255
2020|1807257
2020|1807259
2020|1807256
2020|1807260
2020|1807262
2020|1807264
2020|1807266
2020|1807267
2020|1807307
2020|1807328
2020|1807312
2020|1807322
2020|1807320
2020|1807308
2020|1807331
2020|1807330
2020|1807319
2020|1807333
2020|1807341
2020|1807340
2020|1807338
2020|1807337
2020|1807336
2020|1807334
2020|1807335
2020|1807345
2020|1807344
2020|1807343
2020|1807367
2020|1807372
2020|1807379
2020|1807376
2020|1807375
2020|1807368
2020|1807371
2020|1807428
2020|1807424
2020|1807418
2020|1807416
2020|1807415
2020|1807413
2020|1807321
2020|1807394
2020|1807398
2020|1807404
2020|1807408
2020|1807420
2020|1807528
2020|1807452
2020|1807447
2020|1807577
2020|1807575
2020|1807590
2020|1807425
2020|1807472
2020|1807474
2020|1807518
2020|1807519
2020|1807531
2020|1807533
2020|1807538
2020|1807551
2020|1807315
2020|1807329
2020|1807599
2020|1807600
2020|1807602
2020|1807603
2020|1807606
2020|1807628
2020|1807631
2020|1807642
2020|1807651
2020|1807655
2020|1807656
2020|1807663
2020|1807664
2020|1807673
2020|1807676
2020|1807680
2020|1807567
2020|1807576
2020|1807689
2020|1807591
2020|1807690
2020|1807693
2020|1807381
2020|1807668
2020|1807426
2020|1807698
2020|1807635
2020|1807400
2020|1807670
2020|1807434
2020|1807687
2020|1807685
2020|1807692
2020|1807717
2020|1807694
2020|1807563
2020|1807727
2020|1807723
2020|1807316
2020|1807696
2020|1807707
2020|1807309
2020|1807317
2020|1807732
2020|1807706
2020|1807718
2020|1807713
2020|1807734
2020|1807327
2020|1807752
2020|1807743
2020|1807762
2020|1807740
2020|1807733
2020|1807755
2020|1807757
2020|1807756
2020|1807735
2020|1807709
2020|1807779
2020|1807741
2020|1807736
2020|1807721
2020|1807697
2020|1807708
2020|1807784
2020|1807782
2020|1807781
2020|1807761
2020|1807751
2020|1807750
2020|1807749
2020|1807746
2020|1807773
2020|1807768
2020|1807744
2020|1807323
2020|1807763
2020|1807759
2020|1807774
2020|1807318
2020|1807785
2020|1807745
2020|1807310
2020|1807758
2020|1807747
2020|1807771
2020|1807739
2020|1807787
2020|1807794
2020|1807795
2020|1807796
2020|1807797
2020|1807798
2020|1807799
2020|1807807
2020|1807805
2020|1807803
2020|1807802
2020|1807789
2020|1807806
2020|1807809
2020|1807800
2020|1807811
2020|1807816
2020|1807801
2020|1807818
2020|1807822
2020|1807824
2020|1807823
2020|1807830
2020|1807834
2020|1807841
2020|1807842
2020|1807844
2020|1807833
2020|1807853
2020|1807827
2020|1807837
2020|1807835
2020|1807836
2020|1807849
2020|1807850
2020|1807851
2020|1807826
2020|1807856
2020|1807855
2020|1807867
2020|1807866
2020|1807875
2020|1807876
2020|1807874
2020|1807872
2020|1807869
2020|1807865
2020|1807877
2020|1807882
2020|1807887
2020|1807916
2020|1807881
2020|1807917
2020|1807891
2020|1807919
2020|1807910
2020|1807918
2020|1807880
2020|1807920
2020|1807927
2020|1807924
2020|1807926
2020|1807925
2020|1807928
2020|1807921
2020|1807923
2020|1807929
2020|1807970
2020|1807965
2020|1807967
2020|1807959
2020|1807958
2020|1807953
2020|1807990
2020|1808045
2020|1808041
2020|1808034
2020|1808033
2020|1808030
2020|1808029
2020|1808028
2020|1808025
2020|1808004
2020|1807988
2020|1807985
2020|1807983
2020|1807982
2020|1807980
2020|1807979
2020|1807977
2020|1807964
2020|1807969
2020|1807968
2020|1808027
2020|1808022
2020|1808047
2020|1808031
2020|1807981
2020|1808150
2020|1808040
2020|1807992
2020|1807994
2020|1807997
2020|1808120
2020|1808074
2020|1808152
2020|1808151
2020|1808130
2020|1808038
2020|1807976
2020|1808154
2020|1808141
2020|1808166
2020|1808169
2020|1808208
2020|1808207
2020|1808204
2020|1808198
2020|1808197
2020|1808196
2020|1808194
2020|1808191
2020|1808190
2020|1808209
2020|1808183
2020|1808182
2020|1808181
2020|1808179
2020|1808178
2020|1808177
2020|1808176
2020|1808175
2020|1808159
2020|1808155
2020|1808157
2020|1808158
2020|1808242
2020|1808251
2020|1808212
2020|1808161
2020|1808173
2020|1808172
2020|1808195
2020|1808187
2020|1808180
2020|1808199
2020|1808163
2020|1808201
2020|1808193
2020|1808252
2020|1808278
2020|1808156
2020|1808260
2020|1808205
2020|1808200
2020|1808189
2020|1808188
2020|1808174
2020|1808170
2020|1808167
2020|1808273
2020|1808269
2020|1808171
2020|1808165
2020|1808162
2020|1808186
2020|1808203
2020|1808185
2020|1808160
2020|1808202
2020|1808210
2020|1808164
2020|1808274
2020|1808271
2020|1808279
2020|1808280
2020|1808281
2020|1808294
2020|1808302
2020|1808314
2020|1808298
2020|1808296
2020|1808295
2020|1808300
2020|1808306
2020|1808309
2020|1808310
2020|1808312
2020|1808305
2020|1808382
2020|1808363
2020|1808383
2020|1808362
2020|1808371
2020|1808364
2020|1808365
2020|1808359
2020|1808369
2020|1808384
2020|1808375
2020|1808373
2020|1808368
2020|1808357
2020|1808361
2020|1808372
2020|1808387
2020|1808374
2020|1808376
2020|1808378
2020|1808389
2020|1808392
2020|1808391
2020|1808390
2020|1808396
2020|1808398
2020|1808394
2020|1808417
2020|1808393
2020|1808419
2020|1808422
2020|1808431
2020|1808432
2020|1808435
2020|1808441
2020|1808442
2020|1808457
2020|1808480
2020|1808481
2020|1808482
2020|1808483
2020|1808421
2020|1808404
2020|1808486
2020|1808488
2020|1808489
2020|1808485
2020|1808479
2020|1808614
2020|1808492
2020|1808514
2020|1808646
2020|1808642
2020|1808420
2020|1808423
2020|1808433
2020|1808491
2020|1808590
2020|1808591
2020|1808595
2020|1808600
2020|1808601
2020|1808615
2020|1808656
2020|1808658
2020|1808661
2020|1808674
2020|1808686
2020|1808687
2020|1808693
2020|1808696
2020|1808698
2020|1808701
2020|1808709
2020|1808712
2020|1808717
2020|1808722
2020|1808725
2020|1808731
2020|1808733
2020|1808648
2020|1808734
2020|1808736
2020|1808710
2020|1808713
2020|1808726
2020|1808669
2020|1808659
2020|1808370
2020|1808434
2020|1808490
2020|1808745
2020|1808737
2020|1808732
2020|1808749
2020|1808735
2020|1808773
2020|1808744
2020|1808741
2020|1808738
2020|1808769
2020|1808589
2020|1808768
2020|1808758
2020|1808762
2020|1808765
2020|1808766
2020|1808767
2020|1808775
2020|1808746
2020|1808747
2020|1808787
2020|1808802
2020|1808797
2020|1808798
2020|1808782
2020|1808794
2020|1808777
2020|1808774
2020|1808785
2020|1808784
2020|1808783
2020|1808778
2020|1808388
2020|1808739
2020|1808743
2020|1808385
2020|1808360
2020|1808807
2020|1808806
2020|1808795
2020|1808793
2020|1808792
2020|1808820
2020|1808818
2020|1808358
2020|1808805
2020|1808826
2020|1808788
2020|1808801
2020|1808786
2020|1808804
2020|1808386
2020|1808828
2020|1808799
2020|1808789
2020|1808781
2020|1808809
2020|1808819
2020|1808814
2020|1808827
2020|1808838
2020|1808836
2020|1808835
2020|1808833
2020|1808845
2020|1808847
2020|1808842
2020|1808846
2020|1808850
2020|1808848
2020|1808849
2020|1808840
2020|1808856
2020|1808859
2020|1808866
2020|1808864
2020|1808872
2020|1808881
2020|1808878
2020|1808876
2020|1808861
2020|1808879
2020|1808871
2020|1808882
2020|1808883
2020|1808884
2020|1808867
2020|1808888
2020|1808891
2020|1808920
2020|1808918
2020|1808916
2020|1808914
2020|1808913
2020|1808910
2020|1808908
2020|1808893
2020|1808895
2020|1808898
2020|1808900
2020|1808904
2020|1808902
2020|1808946
2020|1808943
2020|1808942
2020|1808894
2020|1808944
2020|1808948
2020|1808936
2020|1808954
2020|1808949
2020|1808951
2020|1808984
2020|1808991
2020|1808990
2020|1808975
2020|1808953
2020|1809014
2020|1809066
2020|1809058
2020|1809055
2020|1809053
2020|1809052
2020|1809050
2020|1809047
2020|1809042
2020|1809016
2020|1809013
2020|1809009
2020|1809008
2020|1809007
2020|1809004
2020|1808999
2020|1808997
2020|1808955
2020|1808994
2020|1808992
2020|1808993
2020|1809019
2020|1809025
2020|1809026
2020|1809064
2020|1809001
2020|1809002
2020|1809003
2020|1809051
2020|1809012
2020|1809172
2020|1809173
2020|1809167
2020|1809169
2020|1809174
2020|1809153
2020|1809059
2020|1809030
2020|1809171
2020|1809188
2020|1809196
2020|1809217
2020|1809219
2020|1809222
2020|1809235
2020|1809224
2020|1809195
2020|1809214
2020|1809175
2020|1809177
2020|1809180
2020|1809181
2020|1809233
2020|1809231
2020|1809194
2020|1809193
2020|1809197
2020|1809200
2020|1809201
2020|1809202
2020|1809230
2020|1809204
2020|1809229
2020|1809227
2020|1809208
2020|1809209
2020|1809226
2020|1809225
2020|1809199
2020|1809178
2020|1809221
2020|1809218
2020|1809216
2020|1809215
2020|1809213
2020|1809187
2020|1809186
2020|1809198
2020|1809182
2020|1809238
2020|1809239
2020|1809273
2020|1809282
2020|1809241
2020|1809206
2020|1809237
2020|1809203
2020|1809293
2020|1809212
2020|1809210
2020|1809176
2020|1809232
2020|1809303
2020|1809236
2020|1809183
2020|1809185
2020|1809207
2020|1809211
2020|1809304
2020|1809184
2020|1809179
2020|1809318
2020|1809319
2020|1809321
2020|1809326
2020|1809330
2020|1809332
2020|1809335
2020|1809349
2020|1809336
2020|1809615
2020|1809490
2020|1809390
2020|1809400
2020|1809389
2020|1809388
2020|1809394
2020|1809404
2020|1809384
2020|1809408
2020|1809382
2020|1809387
2020|1809398
2020|1809383
2020|1809409
2020|1809406
2020|1809402
2020|1809391
2020|1809386
2020|1809396
2020|1809401
2020|1809399
2020|1809305
2020|1809419
2020|1809417
2020|1809416
2020|1809415
2020|1809414
2020|1809413
2020|1809412
2020|1809411
2020|1809410
2020|1809420
2020|1809424
2020|1809449
2020|1809428
2020|1809429
2020|1809447
2020|1809427
2020|1809505
2020|1809504
2020|1809503
2020|1809502
2020|1809500
2020|1809499
2020|1809489
2020|1809477
2020|1809470
2020|1809454
2020|1809337
2020|1809460
2020|1809461
2020|1809464
2020|1809519
2020|1809506
2020|1809530
2020|1809517
2020|1809482
2020|1809627
2020|1809520
2020|1809660
2020|1809658
2020|1809647
2020|1809562
2020|1809604
2020|1809612
2020|1809623
2020|1809395
2020|1809669
2020|1809671
2020|1809676
2020|1809687
2020|1809696
2020|1809697
2020|1809714
2020|1809717
2020|1809721
2020|1809725
2020|1809733
2020|1809744
2020|1809635
2020|1809637
2020|1809756
2020|1809751
2020|1809753
2020|1809750
2020|1809654
2020|1809653
2020|1809731
2020|1809767
2020|1809740
2020|1809771
2020|1809728
2020|1809511
2020|1809749
2020|1809746
2020|1809639
2020|1809754
2020|1809773
2020|1809757
2020|1809758
2020|1809759
2020|1809736
2020|1809768
2020|1809729
2020|1809795
2020|1809385
2020|1809792
2020|1809789
2020|1809782
2020|1809779
2020|1809777
2020|1809801
2020|1809813
2020|1809812
2020|1809814
2020|1809823
2020|1809828
2020|1809824
2020|1809670
2020|1809805
2020|1809826
2020|1809806
2020|1809804
2020|1809799
2020|1809796
2020|1809772
2020|1809854
2020|1809851
2020|1809832
2020|1809830
2020|1809821
2020|1809818
2020|1809816
2020|1809833
2020|1809848
2020|1809407
2020|1809809
2020|1809856
2020|1809822
2020|1809855
2020|1809810
2020|1809392
2020|1809405
2020|1809852
2020|1809857
2020|1809831
2020|1809825
2020|1809844
2020|1809843
2020|1809859
2020|1809858
2020|1809860
2020|1809863
2020|1809864
2020|1809867
2020|1809800
2020|1809877
2020|1809397
2020|1809873
2020|1809874
2020|1809875
2020|1809876
2020|1809878
2020|1809872
2020|1809884
2020|1809886
2020|1809887
2020|1809892
2020|1809893
2020|1809891
2020|1809894
2020|1809895
2020|1809901
2020|1809899
2020|1809900
2020|1809890
2020|1809918
2020|1809917
2020|1809909
2020|1809915
2020|1809912
2020|1809919
2020|1809920
2020|1809922
2020|1809896
2020|1809889
2020|1809924
2020|1809930
2020|1809929
2020|1809928
2020|1809945
2020|1809943
2020|1809942
2020|1809941
2020|1809938
2020|1809933
2020|1809931
2020|1809926
2020|1809946
2020|1809967
2020|1809974
2020|1809937
2020|1809975
2020|1809969
2020|1809972
2020|1809968
2020|1809948
2020|1809970
2020|1810023
2020|1810025
2020|1810026
2020|1809977
2020|1810106
2020|1965133
2020|1810073
2020|1810062
2020|1810100
2020|1809980
2020|1810004
2020|1809984
2020|1810033
2020|1810035
2020|1810014
2020|1810093
2020|1810039
2020|1810040
2020|1810041
2020|1810088
2020|1810091
2020|1810090
2020|1810089
2020|1810049
2020|1810045
2020|1810028
2020|1810027
2020|1810087
2020|1810086
2020|1810084
2020|1810059
2020|1810058
2020|1810056
2020|1810046
2020|1810044
2020|1810036
2020|1809983
2020|1809978
2020|1810051
2020|1810185
2020|1810098
2020|1810209
2020|1810208
2020|1810177
2020|1810162
2020|1810210
2020|1810206
2020|1810186
2020|1810211
2020|1810037
2020|1809979
2020|1810108
2020|1810107
2020|1810222
2020|1810232
2020|1810225
2020|1810251
2020|1810269
2020|1810268
2020|1810266
2020|1810264
2020|1810261
2020|1810258
2020|1810256
2020|1810254
2020|1810250
2020|1810249
2020|1810248
2020|1810246
2020|1810244
2020|1810243
2020|1810241
2020|1810240
2020|1810239
2020|1810238
2020|1810237
2020|1810236
2020|1810230
2020|1810229
2020|1810276
2020|1810213
2020|1810245
2020|1810333
2020|1810260
2020|1810259
2020|1810233
2020|1810252
2020|1810253
2020|1810255
2020|1810214
2020|1810216
2020|1810220
2020|1810273
2020|1810305
2020|1810227
2020|1810247
2020|1810228
2020|1810231
2020|1810218
2020|1810234
2020|1810262
2020|1810263
2020|1810338
2020|1810242
2020|1810270
2020|1810257
2020|1810265
2020|1810221
2020|1810215
2020|1810272
2020|1810311
2020|1810332
2020|1810219
2020|1810339
2020|1810217
2020|1810340
2020|1810422
2020|1810343
2020|1810790
2020|1810371
2020|1810354
2020|1810355
2020|1810358
2020|1810360
2020|1810361
2020|1810362
2020|1810365
2020|1810367
2020|1810370
2020|1810366
2020|1810369
2020|1810344
2020|1810433
2020|1810435
2020|1810436
2020|1810437
2020|1810438
2020|1810441
2020|1810442
2020|1810443
2020|1810445
2020|1810434
2020|1810439
2020|1810412
2020|1810450
2020|1810476
2020|1810471
2020|1810472
2020|1810473
2020|1810455
2020|1810421
2020|1810449
2020|1810529
2020|1810527
2020|1810451
2020|1810461
2020|1810427
2020|1810430
2020|1810483
2020|1810484
2020|1810492
2020|1810521
2020|1810481
2020|1810482
2020|1810533
2020|1810411
2020|1810419
2020|1810424
2020|1810510
2020|1810518
2020|1810519
2020|1810637
2020|1810854
2020|1810528
2020|1810672
2020|1810535
2020|1810673
2020|1810517
2020|1810525
2020|1810786
2020|1810785
2020|1810771
2020|1810759
2020|1810751
2020|1810748
2020|1810747
2020|1810532
2020|1810628
2020|1810629
2020|1810630
2020|1810631
2020|1810634
2020|1810650
2020|1810691
2020|1810695
2020|1810698
2020|1810700
2020|1810703
2020|1810707
2020|1810715
2020|1810745
2020|1810794
2020|1810792
2020|1810791
2020|1810789
2020|1810418
2020|1810669
2020|1810664
2020|1810796
2020|1810432
2020|1810423
2020|1810708
2020|1810737
2020|1810740
2020|1810761
2020|1810765
2020|1810787
2020|1810797
2020|1810793
2020|1810426
2020|1810768
2020|1810830
2020|1810762
2020|1810828
2020|1810801
2020|1810819
2020|1810803
2020|1810832
2020|1810429
2020|1810798
2020|1810814
2020|1810808
2020|1810805
2020|1810837
2020|1810848
2020|1810697
2020|1810431
2020|1810859
2020|1810850
2020|1810826
2020|1810855
2020|1810857
2020|1810834
2020|1810841
2020|1810836
2020|1810847
2020|1810846
2020|1810843
2020|1810882
2020|1810417
2020|1810799
2020|1810823
2020|1810802
2020|1810820
2020|1810881
2020|1810880
2020|1810414
2020|1810864
2020|1810867
2020|1810822
2020|1810861
2020|1810860
2020|1810849
2020|1810863
2020|1810862
2020|1810420
2020|1810425
2020|1810865
2020|1810866
2020|1810873
2020|1810842
2020|1810895
2020|1810902
2020|1810897
2020|1810898
2020|1810894
2020|1810900
2020|1810901
2020|1810899
2020|1810906
2020|1810910
2020|1810909
2020|1810907
2020|1810905
2020|1810904
2020|1810908
2020|1810911
2020|1810887
2020|1810888
2020|1810917
2020|1810916
2020|1810918
2020|1810914
2020|1810920
2020|1810919
2020|1810921
2020|1810923
2020|1810730
2020|1810924
2020|1810926
2020|1810936
2020|1810939
2020|1810945
2020|1810934
2020|1810932
2020|1810929
2020|1810942
2020|1810944
2020|1810928
2020|1810950
2020|1810949
2020|1810972
2020|1810971
2020|1810970
2020|1810977
2020|1810979
2020|1810976
2020|1810975
2020|1810974
2020|1810947
2020|1810960
2020|1810981
2020|1811001
2020|1810995
2020|1810984
2020|1810982
2020|1811035
2020|1811025
2020|1811007
2020|1811009
2020|1811037
2020|1811033
2020|1811036
2020|1810997
2020|1811023
2020|1811039
2020|1811042
2020|1811043
2020|1811038
2020|1811063
2020|1811057
2020|1811055
2020|1811110
2020|1811132
2020|1811131
2020|1811126
2020|1811123
2020|1811121
2020|1811118
2020|1811115
2020|1811114
2020|1811092
2020|1811082
2020|1811081
2020|1811079
2020|1811071
2020|1811068
2020|1811062
2020|1811065
2020|1811066
2020|1811112
2020|1811111
2020|1811106
2020|1811072
2020|1811076
2020|1811083
2020|1811088
2020|1811090
2020|1811135
2020|1811124
2020|1811233
2020|1811241
2020|1811242
2020|1811236
2020|1811243
2020|1811230
2020|1811232
2020|1811129
2020|1811214
2020|1811234
2020|1811116
2020|1811097
2020|1811128
2020|1811069
2020|1811261
2020|1811257
2020|1811299
2020|1811297
2020|1811296
2020|1811295
2020|1811290
2020|1811288
2020|1811286
2020|1811285
2020|1811284
2020|1811283
2020|1811282
2020|1811280
2020|1811279
2020|1811278
2020|1811275
2020|1811273
2020|1811271
2020|1811270
2020|1811265
2020|1811264
2020|1811253
2020|1811249
2020|1811260
2020|1811258
2020|1811301
2020|1811341
2020|1811267
2020|1811287
2020|1811259
2020|1811289
2020|1811331
2020|1811333
2020|1811335
2020|1811344
2020|1811359
2020|1811263
2020|1811245
2020|1811247
2020|1811276
2020|1811250
2020|1811293
2020|1811294
2020|1811262
2020|1811248
2020|1811277
2020|1811268
2020|1811269
2020|1811291
2020|1811251
2020|1811369
2020|1811366
2020|1811244
2020|1811246
2020|1811372
2020|1811384
2020|1811677
2020|1811394
2020|1811393
2020|1811392
2020|1811391
2020|1811390
2020|1811385
2020|1811388
2020|1811389
2020|1811404
2020|1811371
2020|1811370
2020|1811407
2020|1811428
2020|1811430
2020|1811427
2020|1811458
2020|1811459
2020|1811436
2020|1811465
2020|1811461
2020|1811464
2020|1811460
2020|1811463
2020|1967709
2020|1811467
2020|1811490
2020|1811496
2020|1811500
2020|1811470
2020|1811474
2020|1811491
2020|1811433
2020|1811527
2020|1811530
2020|1811539
2020|1811540
2020|1811542
2020|1811554
2020|1811559
2020|1811452
2020|1811524
2020|1811529
2020|1811544
2020|1811548
2020|1811656
2020|1967698
2020|1811577
2020|1811556
2020|1811558
2020|1811557
2020|1811444
2020|1811503
2020|1811778
2020|1811777
2020|1811767
2020|1811762
2020|1811754
2020|1811752
2020|1811747
2020|1811743
2020|1811723
2020|1811543
2020|1811547
2020|1811568
2020|1811644
2020|1811437
2020|1811440
2020|1811454
2020|1811695
2020|1811701
2020|1811702
2020|1811705
2020|1811667
2020|1811671
2020|1811456
2020|1811786
2020|1811689
2020|1811783
2020|1811782
2020|1811448
2020|1811687
2020|1811784
2020|1811453
2020|1811706
2020|1811714
2020|1811736
2020|1811757
2020|1811759
2020|1811771
2020|1811788
2020|1811799
2020|1811555
2020|1811779
2020|1811808
2020|1811787
2020|1811781
2020|1811446
2020|1811434
2020|1811573
2020|1811790
2020|1811449
2020|1811798
2020|1811793
2020|1811789
2020|1811818
2020|1811801
2020|1811450
2020|1811804
2020|1811819
2020|1967658
2020|1811457
2020|1811707
2020|1811834
2020|1811839
2020|1811836
2020|1811835
2020|1811840
2020|1811445
2020|1967703
2020|1967692
2020|1811821
2020|1811847
2020|1811826
2020|1811842
2020|1811785
2020|1811855
2020|1811823
2020|1811814
2020|1811442
2020|1811873
2020|1811849
2020|1811852
2020|1811828
2020|1811830
2020|1811872
2020|1811848
2020|1811845
2020|1811455
2020|1811447
2020|1811829
2020|1811838
2020|1811870
2020|1811822
2020|1811435
2020|1811843
2020|1811451
2020|1811438
2020|1811541
2020|1811880
2020|1811885
2020|1811878
2020|1811886
2020|1811890
2020|1811888
2020|1811881
2020|1811889
2020|1811891
2020|1811877
2020|1811876
2020|1811895
2020|1811901
2020|1811900
2020|1811899
2020|1811898
2020|1811896
2020|1811893
2020|1811892
2020|1811904
2020|1811897
2020|1811903
2020|1811905
2020|1811902
2020|1811907
2020|1811906
2020|1811894
2020|1811875
2020|1811911
2020|1811910
2020|1811909
2020|1811912
2020|1811914
2020|1811913
2020|1811923
2020|1811918
2020|1811921
2020|1811915
2020|1811927
2020|1811924
2020|1811922
2020|1811917
2020|1811920
2020|1811926
2020|1811931
2020|1811932
2020|1811952
2020|1811951
2020|1811948
2020|1811946
2020|1811945
2020|1811944
2020|1811943
2020|1811940
2020|1811937
2020|1811930
2020|1811929
2020|1811933
2020|1811928
2020|1811947
2020|1811935
2020|1811978
2020|1811950
2020|1811976
2020|1811972
2020|1811973
2020|1811975
2020|1811977
2020|1811974
2020|1811979
2020|1811987
2020|1811986
2020|1811985
2020|1812010
2020|1811980
2020|1812021
2020|1812020
2020|1812019
2020|1812018
2020|1812016
2020|1812015
2020|1812014
2020|1812013
2020|1812011
2020|1812008
2020|1812007
2020|1812006
2020|1812005
2020|1812002
2020|1812001
2020|1812000
2020|1811999
2020|1811997
2020|1811996
2020|1811995
2020|1811983
2020|1811991
2020|1811992
2020|1811993
2020|1811989
2020|1811988
2020|1812022
2020|1811990
2020|1812012
2020|1811994
2020|1812023
2020|1812009
2020|1811982
2020|1812062
2020|1812033
2020|1812039
2020|1812072
2020|1812074
2020|1812073
2020|1812070
2020|1812017
2020|1812071
2020|1811998
2020|1812024
2020|1812025
2020|1811984
2020|1812075
2020|1812080
2020|1812078
2020|1812079
2020|1812086
2020|1812089
2020|1967702
2020|1967693
2020|1812087
2020|1812085
2020|1812111
2020|1812112
2020|1812113
2020|1812116
2020|1967661
2020|1812091
2020|1812094
2020|1812095
2020|1807871
2020|1812124
2020|1812099
2020|1812100
2020|1812101
2020|1812102
2020|1812103
2020|1812104
2020|1812121
2020|1812117
2020|1812107
2020|1812108
2020|1812128
2020|1812093
2020|1812114
2020|1812110
2020|1812097
2020|1812092
2020|1812109
2020|1812176
2020|1967704
2020|1812123
2020|1812120
2020|1812126
2020|1812143
2020|1812127
2020|1812167
2020|1812096
2020|1812180
2020|1812106
2020|1812179
2020|1812105
2020|1812184
2020|1812088
2020|1812090
2020|1812122
2020|1812185
2020|1812119
2020|1812077
2020|1812125
2020|1812181
2020|1812175
2020|1812098
2020|1812289
2020|1812194
2020|1812262
2020|1812186
2020|1812188
2020|1812192
2020|1812193
2020|1812195
2020|1812196
2020|1812197
2020|1812198
2020|1812399
2020|1812187
2020|1812245
2020|1812237
2020|1812238
2020|1812239
2020|1812244
2020|1812241
2020|1812242
2020|1812243
2020|1812236
2020|1812240
2020|1812252
2020|1812254
2020|1812253
2020|1812251
2020|1812249
2020|1812248
2020|1812235
2020|1812246
2020|1812250
2020|1812220
2020|1812270
2020|1812272
2020|1812208
2020|1812227
2020|1812228
2020|1812257
2020|1812258
2020|1812273
2020|1812217
2020|1812265
2020|1812266
2020|1812267
2020|1812256
2020|1812269
2020|1812263
2020|1812247
2020|1812326
2020|1812274
2020|1812333
2020|1812335
2020|1812231
2020|1812259
2020|1812271
2020|1812224
2020|1812279
2020|1812306
2020|1812213
2020|1812233
2020|1812234
2020|1812337
2020|1812338
2020|1812340
2020|1812341
2020|1812349
2020|1812357
2020|1812362
2020|1812365
2020|1812366
2020|1812367
2020|1812370
2020|1812371
2020|1812376
2020|1812377
2020|1812382
2020|1812315
2020|1812389
2020|1812219
2020|1812325
2020|1812323
2020|1812391
2020|1812334
2020|1812393
2020|1812384
2020|1812375
2020|1812372
2020|1812356
2020|1812344
2020|1812260
2020|1812222
2020|1812392
2020|1812402
2020|1812395
2020|1812209
2020|1812308
2020|1812229
2020|1812435
2020|1812410
2020|1812409
2020|1812407
2020|1812225
2020|1812411
2020|1812405
2020|1812404
2020|1812403
2020|1812412
2020|1812218
2020|1812414
2020|1812416
2020|1812419
2020|1812216
2020|1812427
2020|1812223
2020|1812429
2020|1812428
2020|1812211
2020|1812380
2020|1812406
2020|1812398
2020|1812396
2020|1812394
2020|1812232
2020|1812230
2020|1812212
2020|1812432
2020|1812430
2020|1812426
2020|1812425
2020|1812424
2020|1812423
2020|1812420
2020|1812418
2020|1812207
2020|1812442
2020|1812440
2020|1812417
2020|1812421
2020|1812422
2020|1812431
2020|1812226
2020|1812433
2020|1812434
2020|1812444
2020|1812210
2020|1812415
2020|1812215
2020|1812436
2020|1812413
2020|1812448
2020|1812449
2020|1812447
2020|1967711
2020|1812450
2020|1812457
2020|1967668
2020|1967694
2020|1812456
2020|1812455
2020|1812453
2020|1812451
2020|1967710
2020|1967715
2020|1812463
2020|1812458
2020|1812446
2020|1812462
2020|1812460
2020|1812459
2020|1812465
2020|1812464
2020|1812467
2020|1812472
2020|1812473
2020|1812474
2020|1812470
2020|1812469
2020|1812468
2020|1812471
2020|1812466
2020|1812475
2020|1812476
2020|1812479
2020|1812478
2020|1812477
2020|1812481
2020|1970369
2020|1970126
2020|1812483
2020|1812484
2020|1812485
2020|1812486
2020|1970241
2020|1812488
2020|1812489
2020|1812490
2020|1970388
2020|1970114
2020|1812480
2020|1812494
2020|1812495
2020|1812496
2020|1812497
2020|1970182
2020|1812499
2020|1812500
2020|1812501
2020|1970117
2020|1970012
2020|1970336
2020|1812482
2020|1970195
2020|1970037
2020|1970131
2020|1812493
2020|1812492
2020|1812491
2020|1812487
2020|1812498
2020|1812502
2020|1812503
2020|1812504
2020|1812505
2020|1812507
2020|1812508
2020|1970160
2020|1970163
2020|1812514
2020|1970374
2020|1967662
2020|1812513
2020|1812512
2020|1812530
2020|1967712
2020|1967696
2020|1970297
2020|1970296
2020|1967659
2020|1970277
2020|1970298
2020|1812536
2020|1812535
2020|1812534
2020|1812533
2020|1812532
2020|1812529
2020|1812528
2020|1812526
2020|1812524
2020|1812522
2020|1812518
2020|1812517
2020|1812510
2020|1812516
2020|1812515
2020|1812531
2020|1970164
2020|1812519
2020|1812520
2020|1812521
2020|1967714
2020|1812523
2020|1812525
2020|1812540
2020|1970410
2020|1812511
2020|1812543
2020|1812541
2020|1812538
2020|1812537
2020|1812542
2020|1812539
2020|1812544
2020|1812527
2020|1970389
2020|1970391
2020|1970169
2020|1970205
2020|1970392
2020|1970443
2020|1812553
2020|1970554
2020|1970363
2020|1970148
2020|1970361
2020|1970364
2020|1812556
2020|1970151
2020|1812554
2020|1970339
2020|1812569
2020|1812568
2020|1812546
2020|1812549
2020|1812567
2020|1970184
2020|1970371
2020|1970183
2020|1812547
2020|1970452
2020|1812566
2020|1812565
2020|1812550
2020|1812545
2020|1812562
2020|1812559
2020|1812563
2020|1812561
2020|1812571
2020|1812551
2020|1970482
2020|1970230
2020|1812552
2020|1812548
2020|1970570
2020|1812557
2020|1812555
2020|1812558
2020|1812564
2020|1812572
2020|1970490
2020|1812570
2020|1970231
2020|1812573
2020|1812574
2020|1970571
2020|1970556
2020|1970591
2020|1970393
2020|1812581
2020|1970455
2020|1812589
2020|1812587
2020|1812586
2020|1812585
2020|1812584
2020|1812583
2020|1812582
2020|1812580
2020|1970557
2020|1812575
2020|1812576
2020|1812577
2020|1812578
2020|1812579
2020|1970593
2020|1812588
2020|1970372
2020|1970447
2020|1970511
2020|1812590
2020|1970238
2020|1970574
2020|1970503
2020|1970252
2020|1812596
2020|1812599
2020|1970990
2020|1812603
2020|1970567
2020|1812604
2020|1812605
2020|1812606
2020|1970282
2020|1812602
2020|1971002
2020|1812610
2020|1812609
2020|1812611
2020|1970279
2020|1812618
2020|1812617
2020|1812600
2020|1812613
2020|1812614
2020|1812615
2020|1812608
2020|1970608
2020|1970991
2020|1967705
2020|1812607
2020|1970560
2020|1812620
2020|1970625
2020|1812622
2020|1812621
2020|1812628
2020|1812624
2020|1812626
2020|1812625
2020|1812616
2020|1812631
2020|1812629
2020|1812598
2020|1971003
2020|1812619
2020|1812630
2020|1970270
2020|1812633
2020|1812634
2020|1812601
2020|1812644
2020|1812643
2020|1812636
2020|1812641
2020|1812623
2020|1967660
2020|1967673
2020|1970562
2020|1970609
2020|1812627
2020|1812635
2020|1812632
2020|1970603
2020|1812640
2020|1812639
2020|1812638
2020|1812646
2020|1812637
2020|1970613
2020|1812645
2020|1970456
2020|1971000
2020|1967663
2020|1812597
2020|1812591
2020|1812651
2020|1812650
2020|1970985
2020|1812649
2020|1812657
2020|1812593
2020|1812648
2020|1967713
2020|1812642
2020|1812658
2020|1970610
2020|1812652
2020|1970506
2020|1812592
2020|1812647
2020|1812656
2020|1812653
2020|1812654
2020|1970614
2020|1812655
2020|1970507
2020|1970626
2020|1812659
2020|1812661
2020|1970367
2020|1812660
2020|1970373
2020|1812662
2020|1970342
2020|1970578
2020|1970627
2020|1970153
2020|1812664
2020|1812663
2020|1970595
2020|1812665
2020|1970605
2020|1970596
2020|1812666
2020|1970616
2020|1970606
2020|1970599
2020|1970992
2020|1970607
2020|1970975
2020|1971527
2020|1971525
2020|1970612
2020|1970186
2020|1971526
2020|1970619
2020|1971440
2020|1970628
2020|1970518
2020|1970622
2020|1970200
2020|1970520
2020|1971944
2020|1971911
2020|1972038
2020|1972019
2020|1971945
2020|1970309
2020|1970203
2020|1970986
2020|1970648
2020|1971008
2020|1971963
2020|1972039
2020|1972050
2020|1972020
2020|1972049
2020|1970602
2020|1970529
2020|1971965
2020|1972014
2020|1972181
2020|1972168
2020|1972028
2020|1972175
2020|1972182
2020|1972173
2020|1972100
2020|1972177
2020|1972040
2020|1971875
2020|1970977
2020|1972029
2020|1972130
2020|1971967
2020|1972163
2020|1971908
2020|1972197
2020|1972131
2020|1972124
2020|1970368
2020|1970978
2020|1971876
2020|1972041
2020|1972178
2020|1971461
2020|1972132
2020|1972199
2020|1972030
2020|1971928
2020|1972190
2020|1971968
2020|1972147
2020|1972152
